{
    "reference_serial": "DA7403103",
    "cameras": {
        "DA7403103": {
            "K": [
                [
                    2342.298141792156,
                    0.0,
                    1027.83313881267
                ],
                [
                    0.0,
                    2341.3600523476493,
                    742.8385481324473
                ],
                [
                    0.0,
                    0.0,
                    1.0
                ]
            ],
            "D": [
                -0.10881741671314543,
                0.1452857748797451,
                -0.0004677558556882232,
                0.00025463224674464406,
                -0.011282352459409681
            ],
            "image_size": [
                2048,
                1536
            ],
            "R_to_ref": [
                [
                    1.0,
                    0.0,
                    0.0
                ],
                [
                    0.0,
                    1.0,
                    0.0
                ],
                [
                    0.0,
                    0.0,
                    1.0
                ]
            ],
            "t_to_ref": [
                [
                    0.0
                ],
                [
                    0.0
                ],
                [
                    0.0
                ]
            ],
            "R_world": [
                [
                    0.965546049500277,
                    0.04327737344797218,
                    0.256608447331442
                ],
                [
                    0.0424012929609071,
                    0.9467341989925515,
                    -0.3192122911373797
                ],
                [
                    -0.2567546623717903,
                    0.3190946966111732,
                    0.9122804491739211
                ]
            ],
            "t_world": [
                [
                    544.7950566150156
                ],
                [
                    2103.7015029343374
                ],
                [
                    2127.338136660042
                ]
            ],
            "pos_world": [
                [
                    -69.0203934013449
                ],
                [
                    -2694.0457737246184
                ],
                [
                    -1409.0006278280407
                ]
            ],
            "sources": {
                "ground_annotation": "calibration/images/ground_4cams_0630/DA7403103/ground_001_annotations.json"
            }
        },
        "DA8571029": {
            "K": [
                [
                    2332.643144380498,
                    0.0,
                    996.086385323414
                ],
                [
                    0.0,
                    2331.587366644796,
                    735.9226482153051
                ],
                [
                    0.0,
                    0.0,
                    1.0
                ]
            ],
            "D": [
                -0.11301699458859837,
                0.18977929210459343,
                -0.0013297846415435783,
                -0.0024248406541213046,
                -0.163863162344996
            ],
            "image_size": [
                2048,
                1536
            ],
            "R_to_ref": [
                [
                    -0.9891095446542274,
                    0.0752466953058478,
                    -0.1264920689982411
                ],
                [
                    -0.03997029905557445,
                    0.6898020948209208,
                    0.7228937993744844
                ],
                [
                    0.14164986363323764,
                    0.7200770825586786,
                    -0.6792822029955348
                ]
            ],
            "t_to_ref": [
                [
                    299.1468375123074
                ],
                [
                    -3394.7909234281533
                ],
                [
                    6482.471532877865
                ]
            ],
            "R_world": [
                [
                    -0.9193628277235512,
                    -0.011930391718449646,
                    -0.39322977602618087
                ],
                [
                    -0.19495101703196174,
                    0.8820010017381126,
                    0.4290318564992225
                ],
                [
                    0.3417105382606158,
                    0.4710964855381644,
                    -0.8132047770120575
                ]
            ],
            "t_world": [
                [
                    -350.5099692252821
                ],
                [
                    -427.58929299861484
                ],
                [
                    6629.40598317586
                ]
            ],
            "pos_world": [
                [
                    -2670.9426908534774
                ],
                [
                    -2750.137396356637
                ],
                [
                    5436.68308577191
                ]
            ],
            "sources": {}
        },
        "DA7403087": {
            "K": [
                [
                    2324.383578590905,
                    0.0,
                    1044.9442747117223
                ],
                [
                    0.0,
                    2323.5038885360323,
                    742.6798012815202
                ],
                [
                    0.0,
                    0.0,
                    1.0
                ]
            ],
            "D": [
                -0.11093660409805908,
                0.14838048308313365,
                -0.0011000460848549249,
                0.001014452484228688,
                -0.03676282481600398
            ],
            "image_size": [
                2048,
                1536
            ],
            "R_to_ref": [
                [
                    0.9452712013767959,
                    -0.12177587025338162,
                    0.30270942052024175
                ],
                [
                    0.11521741787735311,
                    0.9925545701015354,
                    0.03950154412465028
                ],
                [
                    -0.30526595366228504,
                    -0.0024622742714545537,
                    0.9522639522422697
                ]
            ],
            "t_to_ref": [
                [
                    -2426.509384795719
                ],
                [
                    -407.52810240112757
                ],
                [
                    1517.4513250395046
                ]
            ],
            "R_world": [
                [
                    0.829817364783128,
                    0.022212444512891366,
                    0.5575928159626402
                ],
                [
                    0.14319111414677432,
                    0.9572763963407909,
                    -0.2512333692768431
                ],
                [
                    -0.5393509487650785,
                    0.2883201489968242,
                    0.7911839519028799
                ]
            ],
            "t_world": [
                [
                    -1523.7450937993076
                ],
                [
                    1827.3134594346736
                ],
                [
                    3371.751474217525
                ]
            ],
            "pos_world": [
                [
                    2821.332444805188
                ],
                [
                    -2687.541827511499
                ],
                [
                    -1358.9642214062724
                ]
            ],
            "sources": {
                "ground_annotation": "calibration/images/ground_4cams_0630/DA7403087/ground_001_annotations.json"
            }
        },
        "DA8474746": {
            "K": [
                [
                    2353.7175961140542,
                    0.0,
                    1038.6714577194998
                ],
                [
                    0.0,
                    2351.7406717963263,
                    739.8499599696803
                ],
                [
                    0.0,
                    0.0,
                    1.0
                ]
            ],
            "D": [
                -0.10821434574893979,
                0.15275615062572398,
                -0.00044949412857713314,
                0.00010835078324050513,
                -0.029762482395868088
            ],
            "image_size": [
                2048,
                1536
            ],
            "R_to_ref": [
                [
                    0.8260014315480478,
                    0.16568472295145112,
                    -0.5387673038159206
                ],
                [
                    -0.14231304953047205,
                    0.986158044704424,
                    0.0850841160151792
                ],
                [
                    0.5454068490713269,
                    0.00639401636281578,
                    0.8381470548423104
                ]
            ],
            "t_to_ref": [
                [
                    2798.7096827669357
                ],
                [
                    -338.0813970117983
                ],
                [
                    941.1302395064336
                ]
            ],
            "R_world": [
                [
                    0.9428986827780188,
                    0.02068877653524842,
                    -0.3324365331021123
                ],
                [
                    -0.11744117008789651,
                    0.9546205017285471,
                    -0.2736919239727811
                ],
                [
                    0.31168837896826224,
                    0.29710549002839265,
                    0.9025401277567251
                ]
            ],
            "t_world": [
                [
                    2451.12214792435
                ],
                [
                    1839.972002710775
                ],
                [
                    3034.7384904520495
                ]
            ],
            "pos_world": [
                [
                    -3040.9641003601646
                ],
                [
                    -2708.8231810870257
                ],
                [
                    -1420.545238337107
                ]
            ],
            "sources": {
                "ground_annotation": "calibration/images/ground_4cams_0630/DA8474746/ground_001_annotations.json"
            }
        }
    },
    "diagnostics": {
        "total_rms": 0.18642237782478333,
        "per_camera_rms": {
            "DA7403103": 0.24179431796073914,
            "DA8571029": 0.26928946375846863,
            "DA7403087": 0.32393068075180054,
            "DA8474746": 0.23643848299980164
        },
        "num_images": 120,
        "num_observations": 27896,
        "ground_reproj_error": 1.0664498388164423,
        "ground_registration": {
            "registered_at": "2026-06-30T20:13:09",
            "ground_index": 1,
            "images_dir": "calibration/images/ground_4cams_0630",
            "reference_serial": "DA7403103",
            "anchor_serial": "DA7403103",
            "num_cameras_annotated": 3,
            "num_cameras_registered": 4,
            "missing_ground_annotations": [
                "DA8571029"
            ],
            "total_rms_px": 1.0664498388164423,
            "per_camera_rms_px": {
                "DA7403103": 0.9921609701133611,
                "DA7403087": 1.379919078271913,
                "DA8474746": 0.7234540226854463
            }
        }
    },
    "board": {
        "inner_cols": 8,
        "inner_rows": 11,
        "square_size": 45.0
    },
    "config_written_at": "2026-06-30T20:13:09",
    "sources": {
        "ground_registration": {
            "images_dir": "calibration/images/ground_4cams_0630",
            "ground_index": 1,
            "annotation_files": {
                "DA7403103": "calibration/images/ground_4cams_0630/DA7403103/ground_001_annotations.json",
                "DA7403087": "calibration/images/ground_4cams_0630/DA7403087/ground_001_annotations.json",
                "DA8474746": "calibration/images/ground_4cams_0630/DA8474746/ground_001_annotations.json"
            },
            "registered_at": "2026-06-30T20:13:09",
            "input_calib": "src/config/multi_calib_4cams_merged_002_003_004_calib_0630.json"
        }
    }
}