{
    "reference_serial": "DA7403103",
    "cameras": {
        "DA7403103": {
            "K": [
                [
                    2325.1101788915425,
                    0.0,
                    1032.1716324353115
                ],
                [
                    0.0,
                    2323.5119009596547,
                    748.1029995118524
                ],
                [
                    0.0,
                    0.0,
                    1.0
                ]
            ],
            "D": [
                -0.1085830719715425,
                0.13168846655986421,
                0.00021867297290428214,
                -0.00036005412365767867,
                -0.002981017100470589
            ],
            "image_size": [
                2048,
                1536
            ],
            "R_to_ref": [
                [
                    1.0,
                    0.0,
                    0.0
                ],
                [
                    0.0,
                    1.0,
                    0.0
                ],
                [
                    0.0,
                    0.0,
                    1.0
                ]
            ],
            "t_to_ref": [
                [
                    0.0
                ],
                [
                    0.0
                ],
                [
                    0.0
                ]
            ],
            "R_world": [
                [
                    0.9658393703034135,
                    0.04621477312478055,
                    0.2549872654014918
                ],
                [
                    0.040040197180918724,
                    0.9455390052864556,
                    -0.32303679680744324
                ],
                [
                    -0.2560294775638518,
                    0.32221139679863164,
                    0.9113883488345986
                ]
            ],
            "t_world": [
                [
                    536.4194734743872
                ],
                [
                    2106.8525152417083
                ],
                [
                    2048.1734933476196
                ]
            ],
            "pos_world": [
                [
                    -78.061047158463
                ],
                [
                    -2676.8465779907146
                ],
                [
                    -1322.8707050088344
                ]
            ],
            "sources": {
                "ground_annotation": "calibration/images/ground_reg_0629_3cams_epipolar150/DA7403103/ground_001_annotations.json"
            }
        },
        "DA7403087": {
            "K": [
                [
                    2313.846053352962,
                    0.0,
                    1038.6906514439556
                ],
                [
                    0.0,
                    2312.7715199999893,
                    743.7691539452344
                ],
                [
                    0.0,
                    0.0,
                    1.0
                ]
            ],
            "D": [
                -0.10938903936129919,
                0.10353755524902768,
                -0.00073719356121575,
                8.413020374897151e-05,
                0.03585225107674441
            ],
            "image_size": [
                2048,
                1536
            ],
            "R_to_ref": [
                [
                    0.9421943498082266,
                    -0.12430100232267433,
                    0.3111576256674928
                ],
                [
                    0.11690080425396199,
                    0.9922381204428066,
                    0.04239946113930352
                ],
                [
                    -0.3140127531713161,
                    -0.0035739560300820997,
                    0.9494120378866412
                ]
            ],
            "t_to_ref": [
                [
                    -2426.4894680927155
                ],
                [
                    -412.3627409637769
                ],
                [
                    1537.1796977671843
                ]
            ],
            "R_world": [
                [
                    0.8253658365397691,
                    0.02627038521441502,
                    0.5639867930489979
                ],
                [
                    0.1417812972770787,
                    0.9572639791546993,
                    -0.25207883281890286
                ],
                [
                    -0.5465064497473342,
                    0.28802003588916864,
                    0.7863683356487382
                ]
            ],
            "t_world": [
                [
                    -1545.657149303496
                ],
                [
                    1827.6859591142415
                ],
                [
                    3305.7679140600067
                ]
            ],
            "pos_world": [
                [
                    2823.2244061418205
                ],
                [
                    -2661.1003183940797
                ],
                [
                    -1267.1000504984186
                ]
            ],
            "sources": {
                "ground_annotation": "calibration/images/ground_reg_0629_3cams_epipolar150/DA7403087/ground_001_annotations.json"
            }
        },
        "DA8474746": {
            "K": [
                [
                    2328.3467840729936,
                    0.0,
                    1017.2439260927804
                ],
                [
                    0.0,
                    2325.891874652966,
                    758.813543840248
                ],
                [
                    0.0,
                    0.0,
                    1.0
                ]
            ],
            "D": [
                -0.11318264428054177,
                0.11589113305337986,
                0.0012437783941276815,
                -0.001408522444791709,
                -0.026260013999940077
            ],
            "image_size": [
                2048,
                1536
            ],
            "R_to_ref": [
                [
                    0.8277494599077919,
                    0.16737274028181248,
                    -0.5355531695666786
                ],
                [
                    -0.14675933657441714,
                    0.9858285644021832,
                    0.0812633911239703
                ],
                [
                    0.5415648887719695,
                    0.011331699752790032,
                    0.840582574069982
                ]
            ],
            "t_to_ref": [
                [
                    2816.7129632766173
                ],
                [
                    -348.13628137119946
                ],
                [
                    899.7627796963448
                ]
            ],
            "R_world": [
                [
                    0.9432920528617484,
                    0.023950373025917543,
                    -0.33109890159858224
                ],
                [
                    -0.1230789986924734,
                    0.951540901486733,
                    -0.28181815569383384
                ],
                [
                    0.3083044973540387,
                    0.3065881478950796,
                    0.9005287582756802
                ]
            ],
            "t_world": [
                [
                    2516.457765389923
                ],
                [
                    1816.57606676362
                ],
                [
                    2935.8018994897984
                ]
            ],
            "pos_world": [
                [
                    -3055.293177061805
                ],
                [
                    -2688.898597323968
                ],
                [
                    -1298.6335202382231
                ]
            ],
            "sources": {
                "ground_annotation": "calibration/images/ground_reg_0629_3cams_epipolar150/DA8474746/ground_001_annotations.json"
            }
        }
    },
    "diagnostics": {
        "total_rms": 0.12034757435321808,
        "per_camera_rms": {
            "DA7403103": 0.16134661436080933,
            "DA7403087": 0.19689489901065826,
            "DA8474746": 0.15437909960746765
        },
        "epipolar_pairs": {
            "DA7403103__DA7403087": {
                "mean": -0.0014625154766135851,
                "mean_abs": 0.2540790656382548,
                "rms": 0.37246735614110577,
                "median_abs": 0.16653060999760783,
                "p90_abs": 0.5914676415778164,
                "p95_abs": 0.8072681172064218,
                "p99_abs": 1.3628111119790876,
                "max_abs": 1.9158855786599815,
                "left": "DA7403103",
                "right": "DA7403087",
                "frame_count": 36,
                "point_count": 3168
            },
            "DA7403103__DA8474746": {
                "mean": -0.002981755169146989,
                "mean_abs": 0.6096565830908579,
                "rms": 0.7767678555166856,
                "median_abs": 0.5031358079618258,
                "p90_abs": 1.269625788895007,
                "p95_abs": 1.5171527764911044,
                "p99_abs": 2.1058176780459728,
                "max_abs": 3.486586135694324,
                "left": "DA7403103",
                "right": "DA8474746",
                "frame_count": 39,
                "point_count": 3432
            },
            "DA7403087__DA8474746": {
                "mean": 0.13939330602635594,
                "mean_abs": 1.2891906177878962,
                "rms": 1.938405683414113,
                "median_abs": 0.9182408268306972,
                "p90_abs": 2.57502503340595,
                "p95_abs": 4.069087387524332,
                "p99_abs": 7.712423950639935,
                "max_abs": 11.473166415872583,
                "left": "DA7403087",
                "right": "DA8474746",
                "frame_count": 23,
                "point_count": 2024
            }
        },
        "epipolar_filter": {
            "enabled": true,
            "status": "applied",
            "reran_ba": true,
            "max_frame_rms_px": 1.5,
            "max_frame_p95_px": 3.0,
            "input_images": 226,
            "output_images": 52,
            "removed_count": 174
        },
        "num_images": 52,
        "num_observations": 11176,
        "ground_reproj_error": 0.6800023867898641,
        "ground_registration": {
            "registered_at": "2026-06-29T21:32:48",
            "ground_index": 1,
            "images_dir": "calibration/images/ground_reg_0629_3cams_epipolar150",
            "reference_serial": "DA7403103",
            "anchor_serial": "DA7403103",
            "num_cameras_annotated": 3,
            "num_cameras_registered": 3,
            "missing_ground_annotations": [],
            "total_rms_px": 0.6800023867898641,
            "per_camera_rms_px": {
                "DA7403103": 0.5916062128906878,
                "DA7403087": 0.72598702853902,
                "DA8474746": 0.7142511192724575
            }
        }
    },
    "board": {
        "inner_cols": 8,
        "inner_rows": 11,
        "square_size": 45.0
    },
    "config_written_at": "2026-06-29T21:32:48",
    "sources": {
        "ground_registration": {
            "images_dir": "calibration/images/ground_reg_0629_3cams_epipolar150",
            "ground_index": 1,
            "annotation_files": {
                "DA7403103": "calibration/images/ground_reg_0629_3cams_epipolar150/DA7403103/ground_001_annotations.json",
                "DA7403087": "calibration/images/ground_reg_0629_3cams_epipolar150/DA7403087/ground_001_annotations.json",
                "DA8474746": "calibration/images/ground_reg_0629_3cams_epipolar150/DA8474746/ground_001_annotations.json"
            },
            "registered_at": "2026-06-29T21:32:48",
            "input_calib": "src/config/multi_calib_3cams_no_DA8571029_003_intrinsics_epipolar150_300_0629.json"
        }
    }
}
