{
    "reference_serial": "DA7403103",
    "cameras": {
        "DA7403103": {
            "K": [
                [
                    2342.298141792156,
                    0.0,
                    1027.83313881267
                ],
                [
                    0.0,
                    2341.3600523476493,
                    742.8385481324473
                ],
                [
                    0.0,
                    0.0,
                    1.0
                ]
            ],
            "D": [
                -0.10881741671314543,
                0.1452857748797451,
                -0.0004677558556882232,
                0.00025463224674464406,
                -0.011282352459409681
            ],
            "image_size": [
                2048,
                1536
            ],
            "R_to_ref": [
                [
                    1.0,
                    0.0,
                    0.0
                ],
                [
                    0.0,
                    1.0,
                    0.0
                ],
                [
                    0.0,
                    0.0,
                    1.0
                ]
            ],
            "t_to_ref": [
                [
                    0.0
                ],
                [
                    0.0
                ],
                [
                    0.0
                ]
            ],
            "R_world": [
                [
                    0.9655460496968785,
                    0.2566084464163441,
                    -0.04327737448764439
                ],
                [
                    0.0424012919217442,
                    -0.3192122921823428,
                    -0.9467341986867601
                ],
                [
                    -0.25675466180406653,
                    0.9122804490656835,
                    -0.3190946973774314
                ]
            ],
            "t_world": [
                [
                    544.795062176556
                ],
                [
                    2103.7015082403823
                ],
                [
                    2127.3381382607054
                ]
            ],
            "pos_world": [
                [
                    -69.02039771403304
                ],
                [
                    -1409.0006260945888
                ],
                [
                    2694.0457810526896
                ]
            ],
            "sources": {
                "ground_annotation": "calibration/images/ground_4cams_0630/DA7403103/ground_001_annotations.json"
            }
        },
        "DA8571029": {
            "K": [
                [
                    2332.643144380498,
                    0.0,
                    996.086385323414
                ],
                [
                    0.0,
                    2331.587366644796,
                    735.9226482153051
                ],
                [
                    0.0,
                    0.0,
                    1.0
                ]
            ],
            "D": [
                -0.11301699458859837,
                0.18977929210459343,
                -0.0013297846415435783,
                -0.0024248406541213046,
                -0.163863162344996
            ],
            "image_size": [
                2048,
                1536
            ],
            "R_to_ref": [
                [
                    -0.9891095446542274,
                    0.0752466953058478,
                    -0.1264920689982411
                ],
                [
                    -0.03997029905557445,
                    0.6898020948209208,
                    0.7228937993744844
                ],
                [
                    0.14164986363323764,
                    0.7200770825586786,
                    -0.6792822029955348
                ]
            ],
            "t_to_ref": [
                [
                    299.1468375123074
                ],
                [
                    -3394.7909234281533
                ],
                [
                    6482.471532877865
                ]
            ],
            "R_world": [
                [
                    -0.9193628280680177,
                    -0.3932297751859877,
                    0.01193039286673473
                ],
                [
                    -0.1949510173462327,
                    0.4290318557367372,
                    -0.8820010020395445
                ],
                [
                    0.34171053715454236,
                    -0.8132047778206111,
                    -0.471096484944735
                ]
            ],
            "t_world": [
                [
                    -350.5099745294638
                ],
                [
                    -427.5892884036807
                ],
                [
                    6629.40598669711
                ]
            ],
            "pos_world": [
                [
                    -2670.9426889599144
                ],
                [
                    5436.683089906967
                ],
                [
                    2750.1373984710144
                ]
            ],
            "sources": {}
        },
        "DA7403087": {
            "K": [
                [
                    2324.383578590905,
                    0.0,
                    1044.9442747117223
                ],
                [
                    0.0,
                    2323.5038885360323,
                    742.6798012815202
                ],
                [
                    0.0,
                    0.0,
                    1.0
                ]
            ],
            "D": [
                -0.11093660409805908,
                0.14838048308313365,
                -0.0011000460848549249,
                0.001014452484228688,
                -0.03676282481600398
            ],
            "image_size": [
                2048,
                1536
            ],
            "R_to_ref": [
                [
                    0.9452712013767959,
                    -0.12177587025338162,
                    0.30270942052024175
                ],
                [
                    0.11521741787735311,
                    0.9925545701015354,
                    0.03950154412465028
                ],
                [
                    -0.30526595366228504,
                    -0.0024622742714545537,
                    0.9522639522422697
                ]
            ],
            "t_to_ref": [
                [
                    -2426.509384795719
                ],
                [
                    -407.52810240112757
                ],
                [
                    1517.4513250395046
                ]
            ],
            "R_world": [
                [
                    0.8298173652673702,
                    0.5575928151921112,
                    -0.02221244576485515
                ],
                [
                    0.14319111316042635,
                    -0.2512333704237368,
                    -0.9572763961873328
                ],
                [
                    -0.5393509482819128,
                    0.7911839520817303,
                    -0.28832014940988065
                ]
            ],
            "t_world": [
                [
                    -1523.7450887037558
                ],
                [
                    1827.313465405228
                ],
                [
                    3371.7514740309653
                ]
            ],
            "pos_world": [
                [
                    2821.3324405323733
                ],
                [
                    -1358.9642222813047
                ],
                [
                    2687.5418324909997
                ]
            ],
            "sources": {
                "ground_annotation": "calibration/images/ground_4cams_0630/DA7403087/ground_001_annotations.json"
            }
        },
        "DA8474746": {
            "K": [
                [
                    2353.7175961140542,
                    0.0,
                    1038.6714577194998
                ],
                [
                    0.0,
                    2351.7406717963263,
                    739.8499599696803
                ],
                [
                    0.0,
                    0.0,
                    1.0
                ]
            ],
            "D": [
                -0.10821434574893979,
                0.15275615062572398,
                -0.00044949412857713314,
                0.00010835078324050513,
                -0.029762482395868088
            ],
            "image_size": [
                2048,
                1536
            ],
            "R_to_ref": [
                [
                    0.8260014315480478,
                    0.16568472295145112,
                    -0.5387673038159206
                ],
                [
                    -0.14231304953047205,
                    0.986158044704424,
                    0.0850841160151792
                ],
                [
                    0.5454068490713269,
                    0.00639401636281578,
                    0.8381470548423104
                ]
            ],
            "t_to_ref": [
                [
                    2798.7096827669357
                ],
                [
                    -338.0813970117983
                ],
                [
                    941.1302395064336
                ]
            ],
            "R_world": [
                [
                    0.9428986824623675,
                    -0.332436533972804,
                    -0.020688776930519293
                ],
                [
                    -0.11744117109235004,
                    -0.27369192488225874,
                    -0.954620501344226
                ],
                [
                    0.31168837954468154,
                    0.9025401271602239,
                    -0.29710549123571883
                ]
            ],
            "t_world": [
                [
                    2451.1221525349356
                ],
                [
                    1839.9720072880855
                ],
                [
                    3034.73849486087
                ]
            ],
            "pos_world": [
                [
                    -3040.9641046715087
                ],
                [
                    -1420.545233912934
                ],
                [
                    2708.823190787529
                ]
            ],
            "sources": {
                "ground_annotation": "calibration/images/ground_4cams_0630/DA8474746/ground_001_annotations.json"
            }
        }
    },
    "diagnostics": {
        "total_rms": 0.18642237782478333,
        "per_camera_rms": {
            "DA7403103": 0.24179431796073914,
            "DA8571029": 0.26928946375846863,
            "DA7403087": 0.32393068075180054,
            "DA8474746": 0.23643848299980164
        },
        "num_images": 120,
        "num_observations": 27896,
        "ground_reproj_error": 1.0664498388164263,
        "ground_registration": {
            "registered_at": "2026-06-30T20:57:10",
            "ground_index": 1,
            "images_dir": "calibration/images/ground_4cams_0630",
            "reference_serial": "DA7403103",
            "anchor_serial": "DA7403103",
            "num_cameras_annotated": 3,
            "num_cameras_registered": 4,
            "missing_ground_annotations": [
                "DA8571029"
            ],
            "total_rms_px": 1.0664498388164263,
            "per_camera_rms_px": {
                "DA7403103": 0.9921609901491439,
                "DA7403087": 1.3799191054456554,
                "DA8474746": 0.7234539433765479
            }
        }
    },
    "board": {
        "inner_cols": 8,
        "inner_rows": 11,
        "square_size": 45.0
    },
    "config_written_at": "2026-06-30T20:57:10",
    "sources": {
        "ground_registration": {
            "images_dir": "calibration/images/ground_4cams_0630",
            "ground_index": 1,
            "annotation_files": {
                "DA7403103": "calibration/images/ground_4cams_0630/DA7403103/ground_001_annotations.json",
                "DA7403087": "calibration/images/ground_4cams_0630/DA7403087/ground_001_annotations.json",
                "DA8474746": "calibration/images/ground_4cams_0630/DA8474746/ground_001_annotations.json"
            },
            "registered_at": "2026-06-30T20:57:10",
            "input_calib": "src/config/multi_calib_4cams_merged_002_003_004_calib_0630.json"
        }
    }
}
